40050
10497
70566
73819
1980456
2169991
2560319
12585
40051
37124
169173
11096
11052
12637
11021
12110
186805
102793
224476
102793
119220
119221
342224
465975
329376
273303
232441
140020
119216
119214
119215
325678
286295
476651
119218
119217
333278
1079245
88776
1079246
1079247
224476
1079248
1079249
1079250
1079251
59375
1079252
1079253
1079254
1079255
1079256
1079245
88776
11072
11071
33743
11086
59509
11286
38767
11292
1335626
10244
11079
12542
118655
2593991
64141
12075
12892
11083
11241
64315
11080
694009
10266
10345
118140
29263
11084
11084
11084
11084
64316
70733
11087
53258
10255
11036
11276
198833
11277
11280
11039
40005
11089
2169992
2907957
3052299
499556
3052302
1980519
3052518
1980467
3052477
186536
186538
45219
3052307
1980471
3052480
63330
3052223
1980476
3052489
11620
3052310
649188
3052314
11623
3052303
11628
3052317
186537
3052505
121791
3052225
1933187
3052676
11588
11589
3052518
1980490
3052498
1980491
3052499
1392
1179100
235
29459
29461
13373
28450
83554
31964
31964
1502
1513
777
263
446
40480
2103
305
145458
782
90370
622
666
29447
643453
64187
2371
632
633
101162
5501
199306
34407
1077358
179993
5514
318829
221068
886948
27350
5297
286115
241770
43049
5868
32595
66527
7038
5806
6210
6211
6212
6213
5759
133901
5658
5660
5661
5670
5671
5679
51634
5763
886948
5833
5850
12892
467175
6183
6182
6185
6204
161013
5811
6334
5691
31286
5693
